00000001
00000014
00000092
00000163
00000280
00000311
00000315
00000320
00000347
00000423
00000493
00000511
00000561
00000563
00000571
00000587
00000592
00000599
00000659
00000695
00000735
00000759
00000834
00000859
00000867
00000905
00000942
00000960
00001044
0000105302117
0000105483516
00001055
00001060
0000109970317
0000110102805
0000110102807
0000110102808
0000110102809
0000110102810
0000110128867
0000110184243
00001110
0000113391625
00001157
0000121314278
0000121314279
0000121569363
0000122111530
00001277
0000133006517
0000142085108
00001529
00001542
00001557
00001561
00001567
00001665
0000170591007
00001726
00001785
0000193040843
00001959
00002010
00002020
0000204051652
0000208077247
0000210002091
00002154
0000217508036
0000220558389
00002221
00002250
00002331
00002337
00002369
0000239013534
00002393
00002399
00002489
00002534
0000257983875
00002631
00002652
00002698
00002708
00002739
00002845
00002894
00002896
0000291042203
00002939
00002979
00002980
00002993
0000304495730
0000306010102
0000308010101
00003195
0000340137940
0000349399766
00003751
00003832
00003899
00004019
00004054
0000405518653
00004129
0000416631058
00004225
00004257
00004290
00004313
00004324
0000441350320
00004431
00004502
00004512
00004514
00004580
0000460054063
00004667
00004723
00004763
00004830
00004881
0000494660858
00004973
0000500003006
0000500008297
0000500038004
0000501102660
00005034
00005044
00005052
00005067
00005119
0000518200145
0000527000057
0000535108158
00005556
0000561728903
0000571660012
0000590568173
00005966
0000604630152
00006144
0000615734134
0000620083699
00006406
00006414
0000641437098
00006419
0000644503233
0000644861946
0000654159826
00006582
0000660506264
00006833
00006860
0000699474429
0000705223728
00007642
00007784
0000800672121
0000812451036
00008561
0000871392308
00008992
0000900775626
00009022
0000902980642
0000907258160
00009165
00009169
0000919661139
0000920438255
0000933257014
0000936111221
0000940424765
00009530
0000955984556
0000964001204
0000975536210
0000975991124
0000984062752
0000984600193
0000984902650
0000987835333
0000992934765
0000993024472
0000993509870
0001000000380
0001000000410
0001002028801
0001003649949
0001004625473
0001004778275
0001005356993
0001006021883
00010102
0001014361061
00010164
00010208
00010341
0001066340838
0001087203246
0001090406002
0001091402000
0001093589823
0001097361203
00011186
0001120540011
00011209
00011289
0001130038038
0001143777791
0001146534058
0001182258268
00012009
0001209454816
00012114
0001220031416
00012222
00012282
00012285
00012343
0001234567891
0001235665057
0001254770131
0001260901268
00012760
00012800
0001280903036
0001283055002
00013170
00013199
00013323
00013408
00013520
00013892
0001399841228
00014078
00014258
00014426
00014428
00014478
00014593
00014647
00014806
00014983
00015063
00015262
00015312
00015352
0001590842581
0001590842984
00016165
00016326
0001670245041
00016724
00017218
00017277
0001747899994
00017566
00017580
00017724
0001841034225
0001900466033
0001920792201
0001940988106
0001957000020
0001996570208
0002000340014
0002010001476
0002025000010
00020257
00020406
0002065000438
00021007
0002202821941
0002202821944
0002203099321
00022265
0002231639781
00022707
0002275602118
00022844
00023281
00024405
00024408
00025170
00025362
0002544636554
00025808
0002612552700
00026666
0002684398802
0002697807054
0002708092009
00027606
00027610
00027625
00028485
00028561
00028634
00029513
0003000269002
0003032575284
00030722
0003082112210
0003151563438
00031905
0003197180920
00032042
00032831
00033800
0003400934615
0003456435447
00034572
00035187
00035539
0003556463312
0003564621254
00035945
00036146
00036691
00036768
0003700068098
0003700124306
00037541
00037751
00038070
00038457
00039209
0003964000675
00039665
0003974118207
0004048453675
0004051873610
0004140301034
00041545
0004203741250
0004209791000
00042120
0004313106091
0004343008105
0004400567446
0004410450530
0004440694829
00044446
0004465106413
0004465107052
0004474311105
0004474322125
00045212
0004526789869
0004544659328
0004649316058
0004722974453
00049301
00049670
0005000310006
0005003197070
00050204
0005042830879
00050568
00052349
00052552
00052895
0005316338311
00053434
0005405468271
0005412581875
0005490012076
0005498000229
0005524455466
00055757
00056086
00056164
0005800001192
0005800014076
0005808189625
00058489
0005900088413
0005933812659
0005934672071
00059747
0006000003022
0006000006458
00060033
00060293
00060436
0006124581814
00061342
00061436
00061774
0006182822298
00063008
00063065
00063577
0006360618008
0006412000089
0006533008215
0006606421061
00066656
00067298
00067906
0006950690087
00070270
00070794
0007115115113
0007116434193
0007124935553
0007166100104
00073263
00073809
00073920
0007418247369
0007446951705
0007456013103
00074664
0007612000478
00076247
0007628868310
00076538
00076730
0007745988124
0007777777531
00078027
0007874226918
00078939
0007940045537
0007940060068
00079466
0008024434023
0008080033628
0008080087928
0008080089823
0008080089847
0008080125958
0008080147165
0008080151445
00080847
0008100100392
00081218
0008126192767
00081588
00081977
00082918
0008309124568
00083691
0008380000469
0008414304813
0008517800536
0008519082115
0008548068237
0008555153462
00085730
0008583100131
0008600980722
00086066
00086275
00086551
00087119
0008795000021
0008816821203
0008888888888
00089074
00089434
00089666
0008974107716
0009123613313
0009253900004
0009452300132
0009467539019
0009485278562
0009531108025
0009531112855
0009531117706
0009531118550
0009531118772
0009531119755
0009531126951
0009560204408
00097210
0009805946388
0009863520343
0009901118633
0010002379059
0010017939676
0010069861718
00101035
00101627
0010181000089
0010181025396
0010181025938
0010181032356
0010181032707
0010181032806
0010181033056
0010181033087
0010181033131
0010181035173
0010181035500
0010181035753
0010181040009
0010181040085
0010181040313
0010181040504
0010181040702
0010181041235
0010181041709
0010181041808
0010181041822
0010181041877
0010181043352
0010181043598
0010181044397
0010181045844
0010181046803
0010181048043
0010181049804
0010181050084
0010181051807
0010181052804
0010181066207
0010181132650
0010181140648
0010181141652
0010181141805
0010181150081
0010181243356
0010200017463
00102060
0010231003947
0010486007004
0010505100006
0010524973225
00105435
00105552
00107778
0010856002116
0010879574052
0011000035015
00110482
0011110128041
0011110380784
0011110507716
0011111002029
0011111003026
0011111004535
0011111005143
0011111009424
0011111009448
0011111010406
0011111012028
0011111014145
0011111015937
0011111016378
0011111016538
0011111016545
0011111017771
0011111018327
0011111018457
0011111018709
0011111018723
0011111018808
0011111020603
0011111025837
0011111029439
0011111030589
0011111030954
0011111030961
0011111033443
0011111042421
0011111045088
0011111049918
0011111049949
0011111051249
0011111054769
0011111056787
0011111057494
0011111062184
0011111074705
0011111115224
0011111116016
0011111122246
0011111124127
0011111124257
0011111125056
0011111125186
0011111172654
0011111240919
0011111240933
0011111261303
0011111261327
0011111262850
0011111353343
0011111353404
0011111377462
0011111438798
0011111529052
0011111575981
0011111611917
0011111615540
0011111634640
0011111638075
0011111638532
0011111722590
00111188
0011127049901
0011131399802
0011140002076
0011225136542
0011313030158
0011313030257
0011418258549
00115105
0011601022100
00116285
00116510
0011811142100
00118112
00118120
0011822007979
0011822992220
0011846018964
0012009073930
00120140
0012044000243
0012044000250
0012044010716
0012044011133
0012044015605
0012044030028
0012044037508
0012044037539
0012044037560
0012044037591
0012044037638
0012044038918
0012044038925
0012044039649
0012044039847
0012044040997
0012044045114
0012044045374
0012044045381
0012044045978
0012044045985
0012044046081
0012044047187
0012044047729
0012044049877
0012044049884
0012044049891
0012044054406
0012044057261
0012044057773
0012044389812
00121400
0012155615756
00121576
00122332
00122588
00123567
0012362010085
0012388002996
0012388003177
00124106
00124827
0012547339017
0012547433104
0012547433203
0012547436204
00125966
0012611014154
0012622657180
00126456
00127120
0012731240001
00129507
0013074573684
0013117040548
0013121303684
0013126980859
0013441929200
0013456703616
00140901
00141940
0014260091408
0014278497190
0014450006598
00146293
0014657813012
00146842
0014926150268
0014926163022
0014926410225
0015024532505
0015064086013
00151146
00152068
0015228134109
0015228135175
0015718103301
0015718103509
0015794081920
0015942070783
0015942432000
00159813
0016435788245
0016500074120
0016500508274
00166454
0016675461807
0017000024028
0017000026701
0017000030166
0017000046211
0017000068152
0017000092645
0017000109022
0017000121581
0017000156217
0017000161839
0017000161990
0017000169194
0017000170732
0017000211299
00172744
0017500207228
0017535333749
00176002
0017601042100
0017605028100
0017645042124
00178040
0017854030626
0017854033337
0017854054257
0017854100169
0017854100213
0017854100251
0017854100428
0017854100466
0017922401396
0018005005777
0018084027912
0018084053683
0018084119921
0018084807132
0018084813362
0018084813379
0018084814000
0018084814888
0018084829202
0018084892480
0018084927946
0018084945537
0018084947333
0018084959527
0018121820179
0018250500003
0018653005365
0018787231203
0018787242100
0018787243459
0018787243657
0018787244357
0018787362372
0018787500729
0018787500767
0018787500828
0018787500903
0018787761168
0018787762165
0018787765166
0018787771327
0018787772324
0018787774328
0018787775325
0018787777169
0018787777657
0018787778029
0018787779163
0018787781050
0018787782057
0018787783054
0018787784051
0018787785058
0018787786055
0018787787052
0018787788059
0018787789056
0018787810323
0018787810385
0018787810545
0018787820131
0018787830314
0018787830338
0018787830680
0018787920015
0018787920022
0018787920039
0018787920046
0018787920053
0018787930014
0018787931158
0018787931356
0018787943106
0018787943304
0018787943359
0018787962350
0018788105244
0018788105282
0019014805112
0019045001743
0019045105403
0019045105427
0019045288632
0019045288663
0019100109933
0019100109940
0019100109957
0019100109971
0019100109988
0019100110007
0019100110120
0019100110182
0019100110199
0019100110656
0019100127791
0019100153882
0019100153912
0019100153974
0019100175563
0019100177017
0019100179240
0019100181694
0019100194304
0019100208360
0019100208421
0019100208445
0019100218246
0019100219380
0019100224520
0019100235519
0019100238886
0019100246355
0019100246379
0019100247680
0019100250703
0019100250741
0019100251090
0019100254169
0019100269958
0019192394255
0019200620123
0019200771825
0019200847162
0019200997621
0019308635456
0019444263537
00198066
0019962040221
0019962085116
0019962085215
0019962085314
0019962771637
0019986230202
00200205
0020082095138
0020202452117
0020250129021
0020354099994
00204940
0020496811102
0020660496124
0020714001100
0020714007058
0020714045159
0020714139193
0020714149611
0020714192334
0020714209407
0020714215552
0020714222857
0020714236274
0020714258511
0020714297909
0020714297923
0020714305987
0020714322014
0020714324667
0020714365417
0020714374679
0020714382742
0020714395230
0020714434878
0020714462727
0020714462772
0020714464073
0020714598907
0020714598938
0020714598983
0020714649562
0020714672096
0020714689186
0020714744762
0020714800888
0020714821234
0020714898151
0020714900267
0020714922689
0020714932077
0020714939472
0020714949549
0020714950514
0020714984236
0020714985417
0020714985462
0020717200159
0020800307642
0021130173846
0021130746583
0021245141266
0021414426002
0021444658930
0021457610105
0021457629145
00215343
00215549
00216916
0021718500057
0021959014733
00220008
00220071
0022100001282
0022200000307
0022200930086
0022200940214
0022200940252
0022200941525
0022200954402
0022200954419
0022200966122
0022400000473
0022400002170
0022400002200
0022400003542
0022400006741
0022400006758
0022400007724
0022400008080
0022400008929
0022400011462
0022400011776
0022400011813
0022400264325
0022400393629
0022400393650
0022400393681
0022400393773
0022400525761
0022400525785
0022400528434
0022400621906
0022400623924
0022400639000
0022400639017
0022400639130
0022548317532
0022548400050
0022600003014
0022600600046
0022700581139
0022758982100
0022796170019
0022796170026
0022796170040
0022796170118
0022796170125
0022796170156
0022796170217
0022796170224
0022796170316
0022796170514
0022796170521
0022796170538
0022796170613
0022796170651
0022796170811
0022796172204
0022796180018
0022796180025
0022796180049
0022796180315
0022796180322
0022796180513
0022796180612
0022796180711
0022796631510
0022796640222
0022796640918
0022796670915
0022796672001
0022796672018
0022796900920
0022796900951
0022796901200
0022796901217
0022796901224
0022796901507
0022796901620
0022796906717
0022796907240
0022796910059
0022796910066
0022796910141
0022796910912
0022796913111
0022796916112
0022796916129
0022796916167
0022796916174
0022796916204
0022796916709
0022796916716
0022796916792
0022796916808
0022796918116
0022796918499
0022796918864
0022796918918
0022796918925
0022796924179
0022796924513
0022796924520
0022796932204
0022796936110
0022796936707
0022796936974
0022796939142
0022796940919
0022796970053
0022796970060
0022796970084
0022796971111
0022796972200
0022796972217
0022796972408
0022796972415
0022796974211
0022796976017
0022796976024
0022796976116
0022796976123
0022796976161
0022796976208
0022796976475
0022796976703
0022796976710
0022796977014
0022796977519
00229029
00229272
0023207652261
0023216050119
0023252024167
0023272311087
0023400015856
0023400076864
00234226
0023662699283
0023783714421
00239401
00240104
0024057328078
0024057330590
0024131482719
0024200054458
0024200981419
0024400041524
0024589641843
0025077357147
0025080018042
0025514145003
0025700700791
0025700710165
00260107
0026169039019
0026169039644
0026169042972
0026169043443
0026169044624
0026169051653
0026169059314
00261730
00261731
0026355005361
0026395001163
0026395001170
00271111
0027131086871
0027131267638
0027131392330
0027131963332
0027186084808
00272339
0027245596099
0027275200027
0027275200041
0027275200058
0027275400052
00274275
00277460
0028001404467
0028341440033
0028367731481
0028367731498
0028367837770
0028367840640
0028367840855
00286909
0028912606066
00289205
0029060361593
0029276630124
0029490010726
00296502
00297387
0029992001123
0030000331446
0030034923679
0030034941536
00300744
0030112112513
00302422
0030346032878
0030400793936
0030500022234
00306100
0030772001370
0030772001691
0030772006863
0030772008362
0030772011317
0030772011683
0030772012468
0030772012871
0030772017098
0030772018460
0030772018477
0030772039519
0030772046869
0030772053003
0030772053805
0030772053928
0030772061831
0030772062814
0030772062852
0030772062890
0030772063378
0030772063903
0030772064320
0030772067970
0030772070024
0030772073315
0030772078006
0030772081242
0030772094037
0030772104057
0030772112526
0030772112571
0030772112700
0030772116272
0030772121016
0030772121191
0030772121290
0030772121481
0030772127124
0030772141779
0030772145456
0030772149379
0030772154113
0030772160558
0030772166598
0030772173756
0030772174180
0030772180846
0030772182253
0030772196533
0030772201763
0030772204627
0030772215777
00309219
0030985004571
0030985004618
0030985004816
0030985070781
0030997864001
0031400006958
00314190
0031604001162
0031604041304
0031655000169
0032023007100
00320648
00321275
00321434
0032251921728
0032917007520
0032917101914
0033000000954
00330692
00330785
00330949
0033200000938
0033200001799
0033200005469
0033200007739
0033200187707
0033200190202
0033200191223
0033200191230
0033200191247
0033200194606
0033200197140
0033200197249
0033200197447
0033200197645
0033200197935
0033500098694
00336254
0033625706324
00336398
00336726
0033674136621
0033776011703
0033859001065
0033859905585
00338632
00338781
0033984020320
0034000403028
00340424
00342632
0034285250126
0034285520120
0034285554125
0034285564070
0034285567125
0034285586065
0034285659042
0034285675158
0034285676124
0034285677084
0034285696153
0034285698126
0034285699123
00348546
0034949360000
0035000141170
0035000269188
0035000269218
0035000444332
0035000444424
0035000444813
0035000450692
0035000458360
0035000463760
0035000463838
0035000463852
0035000464132
0035000510846
0035000525413
0035000671110
0035000671233
0035000762177
0035000764416
0035000766120
0035000782816
0035000967237
0035000968425
0035000970466
0035000971234
0035000972712
0035000981851
0035000981998
0035000984142
0035000985064
0035000988133
0035000988713
0035000989680
0035000991911
0035000993601
0035000993618
0035000994578
0035000996121
0035000996312
0035000996411
0035000996626
0035000996671
0035000996718
0035000996749
0035046119577
0035110019000
0035156006620
0035656017126
0035713077704
0036000103588
0036000374575
0036000477771
0036000487398
0036000504071
0036000517569
0036001010090
00360289
0036492624325
0036602833999
0036800044197
0036800054417
0036800064478
0036800083394
0036800092822
0036800118461
0036800339071
0036800340336
0036800367364
0037000003823
0037000011965
0037000061991
0037000062332
0037000122203
0037000123354
0037000123408
0037000123439
0037000123453
0037000124306
0037000224198
0037000267904
0037000274018
0037000317159
0037000321361
0037000393160
0037000393467
0037000396031
0037000400660
0037000403654
0037000424314
0037000449812
0037000449829
0037000455424
0037000473367
0037000481843
0037000497042
0037000511977
0037000520269
0037000534518
0037000537076
0037000537434
0037000674269
0037000680987
0037000680994
0037000708285
0037000712824
0037000731566
0037000733140
0037000733331
0037000734130
0037000747024
0037000748366
0037000753490
0037000754213
0037000755364
0037000760153
0037000765660
0037000786535
0037000789291
0037000789307
0037000789314
0037000790907
0037000806608
0037000809074
0037000809739
0037000820734
0037000823384
0037000823421
0037000839033
0037000845928
0037000851936
0037000856146
0037000878100
0037000885191
0037000885863
0037000887904
0037000918776
0037000919858
0037000925576
0037000928140
0037000943228
0037000944393
0037000945574
0037000945697
0037000948797
0037000949411
0037000953302
0037000971375
0037000973058
0037000974680
0037000974871
0037000976714
0037000978831
0037000978855
0037000981954
00372281
0037361002633
0037444524953
00374970
0037836012365
0037836021329
0037836033742
0037836041402
0037836050282
0037836050312
0037836092770
0037836092787
0038097123104
0038107225118
0038206288540
0038259121870
0038276005634
0038276005726
0038276005740
0038276008932
0038276008987
0038276008994
0038276905118
0038341105955
0038341106365
0038444664830
0038949981807
0039278315417
0039278470109
0039400557906
0039477722559
0039571004681
0039571008801
00396790
00396806
0039709385255
0039844660057
00399463
0040000000747
0040000180371
0040000180388
0040000413752
0040000500490
0040000525387
0040000532170
0040000543176
0040000869504
0040056520640
0040079342908
0040189031099
0040244003023
00402801
0040309039004
0040378710644
0040440332118
0040446640064
00406041
0040820040015
00408974
0041065250436
0041090306313
0041100811240
0041100811349
0041149011120
0041149120068
0041149120105
0041149120143
0041167008799
0041167010563
0041167016503
0041167017234
0041167033104
0041167043653
0041167043707
0041167044346
0041167050705
0041167052242
0041167053508
0041167054000
0041167055106
0041167055335
0041167057018
0041167066218
0041167066232
0041167066294
0041167066386
0041167066447
0041167066560
0041167078006
0041167093818
0041167094082
0041167094280
0041167094440
0041167096109
0041167097830
0041167109281
0041167412220
0041167618035
0041167722374
0041167841204
0041190048380
0041220546268
0041220963522
0041260004933
0041260009075
0041260010187
0041260010781
0041260339530
0041260348303
0041260352751
0041260369278
0041260372711
0041260375521
0041260380594
0041260385506
0041290644635
0041348001830
0041348004145
0041388000466
0041388000589
0041388000626
0041388002071
0041388002187
0041388002712
0041388003399
0041388004532
0041388004969
0041388005010
0041388007816
0041388009711
0041388097015
0041388097091
0041388160016
0041388220611
0041388221052
0041388316000
0041388850078
0041415000766
0041470817217
0041490150981
0041490348357
0041490742322
0041497439829
0041497439928
0041507050365
0041507070059
0041507070066
0041507070080
0041507070516
0041507070523
0041507070530
0041507073012
0041520035585
0041520111951
0041520120724
0041520164513
0041520864987
0041520867957
0041546000062
0041554217964
0041554220063
0041554227130
0041554238709
0041554238761
0041554247725
0041554415131
0041554419184
0041554433425
0041554433432
0041554438178
0041554455571
0041554459760
0041554492125
0041554496925
0041554502015
0041554530025
0041554538694
0041554541403
0041554543643
0041554543711
0041554545845
0041554546033
0041554546040
0041554578607
0041554578805
0041554579185
0041554583786
0041554588705
0041608001327
0041608002706
0041608870497
0041840001062
0041840831126
00421201
0042279304335
0042279474335
0042279912332
0042279940328
0042301291100
0042400099970
00426213
00426299
0042765521796
0042887700543
0043000072899
0043010505318
0043093402092
0043105005402
00432401
00433247
00434047
0043500013040
0043549022744
0043551613345
0043834734390
0043917008738
00439301
0043946501408
0043993164076
0044000169466
0044002346933
0044003663336
0044044322438
0044100002229
0044100913556
0044129646435
0044140099753
0044160654987
0044220665069
0044300361058
0044324361058
00443261
0044386129764
0044406108991
0044440400648
0044559983056
0044600008899
0044600306148
0044600317069
0044605142642
00446549
0044849919031
0044936371544
0044936371919
0044944460155
0044963601478
0045087009935
0045255153132
0045316002591
0045325280430
0045400006030
00454025
0045421364621
0045433001507
0045433004522
0045433005109
0045456014485
0045500540823
00455576
0045567218963
0045611001701
0045649655440
0045761274628
0045836005201
0045836005355
0045836031781
0045893060526
0045893063909
0045893072239
0045893072277
0045893108686
0045900243485
0045924596741
0045924615701
0045924669285
0045929696507
0045934307795
0045944846727
0045944925002
0046000019178
0046000069432
0046000095752
0046000999166
0046044406811
0046070828521
0046100322178
0046100544143
0046100689271
00462577
0046257705206
0046324815920
0046330239932
0046500018428
0046500037627
0046500046414
00465001
0046500483363
0046500995248
0046564635548
0046915412347
0047126122797
00472301
0047400097728
0047400130715
0047400130906
0047400141506
0047400145009
0047400188082
0047400240407
0047400241459
0047400247307
0047400319103
0047400664685
0047400668270
0047400676398
0047469085551
00474701
0047701000618
0047701002155
0047701003527
0047701130032
0047868844063
0048107159696
0048107226947
0048155903975
0048155920637
0048155921511
0048155921719
0048256245509
00483841
0048455576411
0049022412811
0049022412897
0049022864573
0049022942233
0049141289302
0049151969187
0049696122863
0049696712644
0049696713009
0049705830109
00497401
0049808003448
0050001314644
0050007340159
0050009440758
0050051275131
0050051275612
0050051275636
0050051802856
0050070007482
00501723
0050304454054
00503401
0050355336040
0050355558930
0050428142066
0050428283127
0050428290057
0050428294918
0050428308585
0050428323441
0050428341193
0050428355961
0050428362631
0050428372197
0050428390085
0050428392911
0050428401477
0050428425619
0050428621974
0050428631553
00504751
0050539358486
0050575014407
0051009009341
0051009009662
0051009309410
0051009309939
0051119881684
00511511
0051381906085
0051381914035
0051494103999
0051605042100
0051700209002
0051700811632
0051800300975
0051907983330
0052041429057
0052220009066
0052221112600
0052336331457
0052336331495
0052336913325
0052336916883
0052350959306
00525196
0052548635732
0052800482319
0052800482340
0052800482685
0052800483422
0052800483477
0052800488564
0052800488625
0052800673007
0052800673106
0052800673779
0052800673786
0052800674875
0052800675940
0052800676633
0052800676879
00528783
00529752
0053041098178
0053076202649
0053100384969
0053100887705
0053242032261
0054000571053
0054007220138
00541190
00541709
0054402270936
0054402410141
0054402510537
0054402730188
0054456019000
0054551007179
0054563098535
00548380
0054986000165
0055000280235
0055055080705
0055086000208
0055086002356
0055086002370
0055086002516
0055086008587
0055086009096
0055086011921
0055086602464
0055086606950
0055451000949
0055451000970
0055451001021
0055451001038
0055451451093
0055451555708
0055451785105
0055451785259
0055451787109
0055451788335
0055451789400
00555746
00559158
0055966913925
0055989012834
0055989021706
0055989032108
0055989041513
0055990007003
00560931
0056100007067
0056100020561
0056100026822
0056100044512
0056100044871
0056100047742
0056100047773
0056100060574
0056100074427
0056100074830
0056100076230
0056100078098
0056100078135
0056100079095
0056100079279
0056100080282
0056100081173
0056100081425
0056100081845
0056100082217
0056100082309
0056100082910
0056100083054
0056100083559
0056100083832
0056219254871
0056402275447
0056402666092
0056406358559
0056408345229
0056412403403
0056500370402
0056594001442
0056594002791
0056594004566
0056594004658
0056594004665
0056594004672
0056594005365
0056594006225
0056594007208
0056594008632
0056594008663
0056594010482
0056594011335
0056594012288
0056594013247
0056594014169
0056594014671
0056594017115
0056594018013
0056594018471
0056594019744
0056594020092
0056594020467
0056594811058
0056594847996
0056599568483
0056599671961
0056599671978
0056599677550
0056699150014
0056699160006
0056719905044
0057606101303
0057800000099
0057800006336
0057800053293
0057800062394
0057800068075
0057800092148
0057800115816
0057800129301
0057800199199
0057800201489
0057800256533
0057800704249
0057800744481
0057800814214
0057800892434
0057800897309
0057800917656
0057800968467
0057800968474
0057800968511
0057800973485
0057800985525
0057800990451
0057800990826
00579827
0057990059235
0057990062532
0057990063867
0057990063911
0058000140271
0058000142107
0058000142152
0058000308732
0058000310483
0058000311756
0058000312784
0058000313194
0058000313262
0058000313286
0058000313293
0058112103447
0058323988840
0058553403229
0058655006519
00587011
0058703221109
0058703248533
0058738327029
0058738999332
0058738999394
0058951184652
0058951184669
0058951308584
0058951308850
0058951351825
0058951637424
00589710
0059005000058
0059024785674
00590471
0059200003779
00592853
0059323059172
0059323082101
0059338102436
0059338119298
0059631970671
0059631983824
0059709302908
0059709394606
0059709490971
0059709517166
0059749975490
0060010108902
0060010108903
0060010108904
0060010108905
0060010370202
0060010572504
0060010846003
0060011137402
0060011208602
0060011437302
0060012304504
0060020926502
0060093280765
0060245250554
0060245388356
0060383046026
0060383157654
0060383183752
0060383203733
0060383215040
0060383783808
0060390900762
0060406112110
0060506920026
0060590031136
0060698484360
0060752775267
0060815007281
0060815030524
0060815031309
0060815039930
0060815052816
0060815056487
0060815403892
00608732
00610301
00610468
00611903
0061224086676
0061328342548
0061328343071
0061328393588
0061328730017
0061328852856
0061354555554
0061398401534
0061398410055
00614139
0061664851032
0061680350328
0061686870066
0061700299989
0061700926588
0061700937331
00619059
0061972002362
00620027
0062107005012
0062107085007
0062107288484
0062200809951
0062200816416
0062200825029
0062338004990
0062338010984
0062400110383
0062400110475
0062400171162
0062400195984
0062400207793
0062400213602
0062400213626
0062400222505
0062400254469
0062428007870
00625585
0062561218904
0062600060488
0062600060631
0062600060990
0062600061065
0062600061355
0062600061515
0062600061546
0062600061577
0062600062291
0062600062925
0062600063731
0062600063823
0062600100368
0062600100535
0062600233929
0062600234216
0062600235947
0062600262950
0062600267948
0062600285980
0062600288073
0062600291721
0062600293404
0062600307859
0062600316646
0062600338938
0062600349828
0062600380357
0062600380579
0062600385192
0062600430120
0062600443816
0062600443823
0062600452306
0062600465054
0062600500496
0062600500502
0062600502919
0062600621771
0062600629487
0062600647986
0062600650870
0062600700599
0062600946249
0062600946355
0062600953674
0062600959768
0062600959843
0062600960450
0062600961648
0062600961778
0062600961785
0062600962218
0062600962225
0062600962591
0062600963147
0062639365660
0062639365677
0062639368951
0062745259204
0062913735127
00630253
00631186
0063309692444
0063435703083
0063435703991
0063435711408
0063435711996
0063793705217
0063806273825
0064323301183
0064323362887
0064323385138
0064324378252
00644594
0064642091901
00646567
0064896772823
0064909905118
00649905
0065095701003
0065333008222
0065333008420
0065333010362
0065333909246
0065338054743
0065338054767
0065338054774
0065338058802
0065338066951
0065338190205
0065338190212
0065402068171
00654128
0065519924568
0065519935687
0065519957870
0065645850844
0065656000088
0065656001573
0065656907714
0065656913074
0065656915214
0065656917126
0065743084021
0065743085080
0065743085417
0065743085684
0065743321140
0065743321263
0065743322048
0065743325001
0065743325179
0065743327036
0065743332313
0065743337059
0065743338452
0065798431115
0066000020578
0066400012937
0066400013088
0066400172815
0066424021106
00665710
0066931609209
0067238891183
0067238891190
00673037
00673488
0067545018556
0067545072268
0067545073746
0067545074385
00677310
0067990008980
0067990500293
00680691
0068113140280
0068156985565
0068323002040
0068900009202
0069055128923
0069055135815
0069260031896
00694340
0069886957723
0070000002007
0070018101839
0070018112620
0070066040326
0070142914121
00701970
00702285
0070330364370
0070330719873
0070481010300
0070501012840
0070501013304
0070501013502
0070501017104
0070501017128
0070501020166
0070501025901
0070501027004
0070501028100
0070501050217
0070501050354
0070501050651
0070501050859
0070501051054
0070501052679
0070501053751
0070501060902
0070501060957
0070501061626
0070501062241
0070501067680
0070501067918
0070501100073
0070501110478
0070501110485
0070501110492
0070501111505
0070501112601
0070501112618
0070501112625
0070501112816
0070501113417
0070501113424
0070501113448
0070501116906
0070501151259
0070501194928
0070501289136
0070501488829
0070501760901
0070501872956
0070501872963
0070552220980
0070552241442
0070881533102
0070942011556
0070942020008
0070942302289
0070942302401
0070942302531
0070942302906
0070942303132
0070942303170
0070942303224
0070942303460
0070942303859
0070942303866
0070942304023
0070942304030
0070942304047
0070942304153
0070942304160
0070942304559
0070942304757
0070942508247
0070942508407
0070942914123
0070942914147
0070942915144
0070942916127
0071164301111
0071164303160
0071164304112
0071164333075
0071164343135
0071164343180
0071164343272
0071164343289
0071164343364
0071164363317
0071164371282
0071184041400
0071249019344
0071249059128
0071249119334
0071249158289
0071249169582
0071249192498
0071249196663
0071249210697
0071249210826
0071249214800
0071249214817
0071249218952
0071249239971
0071249239988
0071249243770
0071249263907
0071249267615
0071249278574
0071249278581
0071249289839
0071249292310
0071249293171
0071249315064
0071249317488
0071249330463
0071249338544
0071249339190
0071249341308
0071249341346
0071249341407
0071249356579
0071249358184
0071249361627
0071249363249
0071249364840
0071249376577
0071249377512
0071249381526
0071249383612
0071249384466
0071249395349
0071249406618
0071249406922
0071249420638
0071249629024
0071249649893
0071249651001
0071249651018
0071249664155
0071249665657
0071249665671
0071249666203
0071249688601
0071249689738
0071409543078
0071409543214
0071409543528
0071409543641
0071409743362
0071409743645
0071567999403
0071661001361
0071661009749
0071661029747
0071661049721
0071661323043
0071661823338
0071661825622
0071661829507
0071718830128
0072125002610
0072140000073
0072140000219
0072140002428
0072140003043
0072140004019
0072140005467
0072140006334
0072140006389
0072140011505
0072140011529
0072140011635
0072140014070
0072140015008
0072140015107
0072140016302
0072140017156
0072140018177
0072140019396
0072140019433
0072140019839
0072140020491
0072140020910
0072140021092
0072140022099
0072140022198
0072140022204
0072140024215
0072140024611
0072140024758
0072140025151
0072140025434
0072140026165
0072140026202
0072140026646
0072140026677
0072140027568
0072140028695
0072140028718
0072140031275
0072140031527
0072140031763
0072140032258
0072140032630
0072140035051
0072140035174
0072140036157
0072140037116
0072140038335
0072140039936
0072140040000
0072140110161
0072140110475
0072140452315
0072140633776
0072140633783
0072140633820
0072140633868
0072140634292
0072140634827
0072140636081
0072140636265
0072140636289
0072140801014
0072140801328
0072140810849
0072140813000
0072140813062
0072140890506
0072140890537
0072140890575
0072151169523
0072151187909
0072151421119
0072151452229
0072151452991
0072151457774
0072239303665
0072239310670
00723930
0072582345039
0072613468805
0072613739318
0072785028777
0072785083448
0072785102668
0072785103207
0072785112452
0072785114425
0072785117082
0072785125100
0072785138131
0072785138643
0072785138711
0072785139824
0072785140301
0072785144965
0072790000164
00729712
0073010380103
0073010710863
0073010711358
0073010713628
0073010714496
0073010714779
0073150086743
0073286614889
0073330251756
0073373908100
0073711000355
0073852007763
0073852027457
0073852028690
0073852033717
0073852073218
0073852291797
0073852293920
0073930568964
0073944652307
0074140021065
0074170346244
0074170346466
0074170401295
0074170410532
0074170410556
0074170410952
0074170443172
0074170450354
0074170450996
0074170457742
0074170457841
0074170459425
0074182260125
0074182268008
0074182270933
0074182290948
0074182292171
0074182445720
0074182445737
0074182445768
0074182445782
0074182459932
0074182463250
0074182473389
0074182473396
0074182473440
0074182473501
0074182473518
0074182473679
0074312011184
0074312045998
0074312106903
0074312134371
0074312171307
0074460651034
0074469439237
0074469476638
0074469491594
0074469512329
0074469513142
0074469513906
0074469513951
0074469513982
0074469523950
0074469523981
0074469524025
0074469524940
0074590516876
00746140
0074663565565
0074704266000
0074704500005
00747448
0074764304308
0074867679846
0074961695988
0075020087126
00751230
0075193003176
0075285007594
0075285204825
0075371003325
0075371003332
0075371006708
0075371008184
0075371012082
0075371015052
0075371020629
0075371055461
0075371250576
0075371250637
0075371780981
0075486020286
0075486030568
0075486033286
0075486085018
0075486085025
0075486087432
0075486087609
0075486088606
0075486088637
0075486089115
0075486089139
0075486089191
0075486089658
0075486089870
0075486090289
0075486091125
0075486091170
0075486091224
0075486091484
0075486091859
0075486091897
0075486138851
00755070
00755085
0075609007194
0075609011016
0075609041914
0075609197956
0075609199042
0075609199974
0075609201042
0075609201059
0075609202940
0075609203602
0075609600289
0075610157109
0075610167108
0075610441109
0075707040550
0075707040758
0075724001411
0075724005129
0075724005358
0075724006324
0075724082588
0075724183056
0075724214040
0075724251991
0075724389779
0075724400788
0075724428003
0075724428126
0075724473188
0075772277608
0076001521875
0076019399015
0076280613742
0076351112617
0076351112631
0076690653277
0076791002127
00768207
0076828046728
0076828048432
0076840600151
0076970200818
0076970221097
0076970443642
0076970706488
0076970853861
0077017400000
0077043000212
0077043000953
0077043001356
0077043001363
0077043001776
0077043002032
0077043002148
0077043002162
0077043002216
0077043002568
0077043002575
0077043003497
0077043003527
0077043103609
0077043103807
0077043104507
0077043104736
0077043236260
0077043236338
0077043236383
0077043236406
0077043358023
0077043608012
0077043608029
0077043608036
0077043608050
0077043608067
0077043644607
0077043645802
0077043647509
0077043669150
00771919
0077223893160
0077315000346
0077315000834
0077315001008
0077315006034
0077315009103
0077326142226
0077326444627
0077326449783
0077326450895
0077326453575
0077326460160
0077326465127
0077326470176
0077326470206
0077326665251
0077326830925
0077326830932
0077326831953
0077326832608
0077326835593
0077326835623
00773720
0077802140630
0077802142337
0077802364555
0077802581914
0077802585004
00779600
0078300070252
0078347011812
0078462166145
0078522000785
0078522007289
0078522015000
0078522015109
0078522015604
0078522015628
0078522030270
0078522040125
0078522040163
0078522090076
0078522090250
0078522090656
0078522100300
0078522240167
0078522800781
0078682002964
0078742045986
0078742062235
0078742075327
0078742204666
0078742208435
0078742347295
0079181722636
0079245851715
0079298300024
0079298300086
0079400001054
0079400002105
0079400013422
0079400013439
0079400017437
0079400026743
0079400043801
0079400052483
0079400066725
0079400072160
0079400072177
0079400074867
0079400075550
0079400083913
0079400118028
0079400122636
0079400122643
0079400122674
0079400122681
0079400123497
0079400128041
0079400152299
0079400152466
0079400189455
0079400189462
0079400197917
0079400202079
0079400202444
0079400204356
0079400204370
0079400244079
0079400260949
0079400261021
0079400263766
0079400263919
0079400264411
0079400265708
0079400266545
0079400267009
0079400312792
0079400313416
0079400323699
0079400342188
0079400351203
0079400351746
0079400352934
0079400352972
0079400352996
0079400355881
0079400381088
0079400386410
0079400403582
0079400408891
0079400433879
0079400441218
0079400446039
0079400448002
0079400448347
0079400448736
0079400451743
0079400452030
0079400455956
0079400458148
0079400458995
0079400461667
0079400462213
0079400462237
0079400462749
0079400462770
0079400464538
0079400468277
0079400469748
0079400470799
0079400470836
0079400470874
0079400471925
0079400475305
0079400478160
0079400478849
0079400478863
0079400478894
0079400480217
0079400482280
0079400482327
0079400485182
0079400488862
0079400488947
0079400490650
0079400492487
0079400492524
0079400495945
0079400495976
0079400498229
0079400499561
0079400503763
0079400507204
0079400507402
0079400508003
0079400508171
0079400511850
0079400519245
0079400526212
0079400534309
0079400587084
0079400588524
0079400588531
0079400588746
0079400593030
0079400599384
0079400605054
0079400616524
0079400637635
0079400649492
0079400666758
0079400691446
0079400716019
0079400718006
0079400720115
0079400725080
0079400764201
0079400835000
0079400858603
0079400866608
0079400998002
0079625427721
0079625429848
0079625431568
0079625439427
0079656001143
0079656024326
0079656026078
0079656031775
0079656044966
0079656045321
0079656046625
0079656046632
0079656049718
0079656050233
0079656050820
0079656086614
0079656138368
0079656144260
0079656503999
0079656603248
0079656631074
0079656649543
0079656649567
0079893982380
0079896174812
0079896174850
0079896565771
0079896653256
0079896743780
00800101
00800151
0080024666093
00800750
00801744
0080196306155
0080196528564
0080196748641
0080306125342
0080376012531
0080380040432
0080603701245
0080603701399
00806944
0080878002184
0080878040315
0080878042166
0080878042289
0080878044481
0080878044924
0080878062966
0080878100965
0080878172054
0080878180868
0080878180875
0080878187041
0080878187065
0080878189229
0080878189250
0080878190959
0080878191352
0080878192694
0080878192854
0080878193707
0080878194414
0080878194544
0080878195008
0080878195077
0080878195251
0080878195299
0080878195336
0080878195565
0080878195633
0080878195657
0080878195671
0080878196180
0080878197019
0080878197613
0080878197637
0080878199853
00809504
00810069
00810104
00810865
00811163
00812212
0081236202222
00813745
0081555355258
0081555510794
0081555541859
0081555565169
0081555566128
0081555660147
0081555664510
0081555738235
0081555739430
0081555774806
0081555969493
0081555969585
0081738343072
0081738402120
0081857528916
0081858615943
00819557
0082121800257
00824855
0082604601302
0082855069203
00829616
0083000016417
0083000167003
0083000167102
0083078001476
0083078001902
0083078003142
0083078004897
0083078005238
0083078009076
0083078009120
0083078013653
0083078015916
0083078017217
0083078113117
0083078421144
0083120003816
00831811
0083800034284
0083800035700
0083800040834
0083800042371
0083800043668
0083800049004
0083800049523
0083800065479
0084001400281
00840916
00841119
00841614
00842567
0084500526792
0084500923973
00848831
0084924741843
00851672
0085178005323
00851813
00852045
0085239336885
0085239930649
00852738
0085275710434
0085317008963
0085382684901
0085382684918
00854501
0085715320315
0085715320858
0085805071387
0085805141943
0085805210816
0085805445942
0085805520793
0085805529642
0085805548780
0085805556877
0085805557355
0085907109988
0085944312952
0085944490612
0086100013614
00863130
0086453500526
0086800005964
0086800066507
0086800078517
0086800100393
0086800100409
0086800100447
0086800110804
0086800111511
0086800111573
0086800112556
0086800112822
0086800160601
0086800211549
0086800287926
0086800377702
0086800472728
0086800687702
0086800687856
0086800870258
0086800870333
0086800872603
0086800872702
0086800872733
0086800872757
0086800873105
0086934307552
0087225221526
0087300560106
0087300700076
0087524200178
00875626
0087614013640
0087614117126
00880061
0088010393077
0088281020122
0088300103409
0088300104437
0088300107681
0088300162505
0088300193530
0088300196852
0088300196890
0088300605309
0088300605705
0088300606702
0088301000066
0088551167847
0088567890173
0088582000939
0088589855358
0088634464016
0088634767155
00887573
0088846710309
0088855960816
00889916
00892434
00898311
0090174088171
0090174184309
0090222839953
0090294863023
0090443156556
0090692003519
0090779977559
0091037441904
0091224500209
0091280686220
0091639401580
0092437325979
0092462000124
00928259
00928687
0092961020210
0093247315648
0094000144727
0094000457254
0094000459166
0094000612820
00941709
0094357151799
0094442601390
0094514429075
0094841300146
0094841700359
0094922242587
0094922955579
00949644
0095008000978
0095008005713
0095008006246
0095008011059
0095008012872
0095008021409
0095008028903
0095008045269
0095008046747
0095015130279
0095015785387
0095034632143
0095163796747
0095219880703
00952293
0095595145557
0096002001992
0096619042319
0096619042326
0096619057511
0096619070978
0096619140138
0096619165131
0096619193691
0096619224319
0096619439263
0096619506859
0096619519828
0096619542437
0096619546091
0096619558452
0096619799794
0096619799800
0096619857692
0096619929221
0096619960095
0096619986033
0097017243784
00971562
0097467439047
00978217
00979717
0098132400034
0098132562954
0098132572243
0098132573882
0098132574032
0098132583539
0098132589357
0098193000075
0098193000471
0098400000423
0098400001857
0098400008269
0098400012181
0098400016165
0098400023910
0098400023958
0098400024825
0098400082764
0098836634445
0098864002681
0098864009000
0098864900666
00988700
0099000001858
0099101117101
0099171590007
0099176480310
00992008
0099482444389
0099482459598
0099482463069
0099482486709
0099482486884
0099482486907
0099482496517
0099482503178
0099482529772
0099482532017
0099482536411
0099902286322
0100000121245
0100007444415
01000272
0100033003518
0100402695771
0100405075273
0100950594649
01011104
0101122871018
01014118
01018111
01018202
0102200329032
0102754661732
0104046207512
0105355729030
01066487
0107442877297
01091304
0110020299923
0110114432533
0110401079595
01106348
0110635002185
0110721477354
0111056013051
0111112121221
01111155
0111121785612
0111141481211
0111212050711
01112191
01112807
0111501312568
01117172
0111854022879
0112111882212
0112271717171
01123414
01128963
01131000
0113111611194
0113130331286
01131741
01133479
0114042903462
0114142172782
01142778
01143881
0115004012208
0115456012962
0115456012986
0115497742101
0115499000629
0115507742114
0115584004129
01157291
01158953
01164956
0117471637441
0118011500492
01187412
0119909481701
0120041222923
0120111605151
0120211150131
0120435003503
0120460803017
0120822490299
01208559
0121102122725
0121111877777
0121177920134
0121211112112
0121600160175
0121600180241
0121600190776
0121601071234
0121604677051
01217285
0121742922129
0121750476515
0121751490336
0122046985438
0122111610883
0122180150396
0122211600883
01230008
0123004136275
0124406060007
0124599801708
0124633004508
0124699005495
0124714152111
01247226
0125403022197
0125412247895
0125435000132
0125547810001
0125948415577
0127513010019
01277528
0128070585187
0128211344710
0128271012246
0128280061129
0128762688264
0129413634005
0129600075628
0130002002488
01307493
0130911000001
01311240
01311811
01314137
0131809283322
01320879
01329155
01341982
01354904
01356206
01375005
01375140
01387745
0140001019691
0140035000030
0141062400251
01414408
0141504015456
0141554030003
01421912
01422124
01423810
0142938830660
01432909
0143660000741
0144000265325
0144051350124
0144142787761
0144410440817
0144424001660
0144433004522
0144456013082
0144456014485
0144946207380
0145058841585
0145066791384
0147519690077
0148045006592
0148045009586
0148214840064
0150400039602
01505022
0150773410480
0150800213299
0150808011231
0150966310054
0151062400182
0151213780040
01516736
01518614
0151918610192
0151930100046
0152142070882
0152142882041
0152143860376
0152152422008
0152162587490
0152163780029
0152555552081
01531145
01534736
0153521685321
0154003206652
0154132826011
01542044
01547908
0155103000874
0155271180828
01556207
01557914
0155959374648
0156547800037
01571735
01574203
01611229
01627787
0165720400862
01665148
01678832
01690900
0170000540258
0170069059988
01702820
01710120
01713618
0171703208038
01723267
0172771299133
01737020
01749239
01779123
0178040673335
0178048244254
0178449927520
01791125
0180510400122
0180551000237
0180551000411
0180596543249
01809374
0180969000829
01811214
01820334
0182200839717
0182289000046
0182289000985
01823509
0182505000201
0182741000539
01834307
0183545595528
0184056013853
0184456014085
01848052
0185073000048
0185286000033
0185959733749
0186127000380
0186530053652
01870824
0187132005209
0187132005247
0187132005575
0187132005827
0187132007302
01871661
0187345000435
01877571
01878933
0187959637782
0188046207017
0188184217817
01894063
0189600031291
0189600090175
0189600300052
01897166
0190142080111
0190202778071
0190425142291
0190430023998
0190430038893
0190577055975
0190679000064
0190679000088
0190679000095
0190679000187
0190679001153
0190679004475
0190679004581
0190679004604
0190679004758
0190679004772
0190679004789
0190679004956
0190679005151
0190679005168
0190679005731
0190679007117
0190679008305
0190679008909
0190679009098
0190766002114
01909732
0191001109998
01910124
0191135000536
0191162219109
0191205351018
0191554603981
0191907975888
0191907999068
0191907999136
0191907999877
0192040514613
0192175063529
0192333013359
0192333066942
0192333099773
0192333102749
0192333163597
0192333164525
0192333184073
0192333232323
0192333246313
01925346
0192539000054
0192539000337
0192539000832
0192598994271
0192608205526
0192608247779
0192742926462
0193476001418
0194093013082
0194249405235
0194346051236
0194346051410
0194346056125
0194346188659
0194346377459
0194356189875
0194506610723
0194512984603
0194760265325
0194841004638
0195215171857
0195515004275
0195515024808
0195515037167
0195602083817
0195893052479
0195893279289
0196566140004
0196852030392
0197575905165
0197644001910
0197644685776
0197689018362
0198168001646
0198168299166
0198168306239
0198168562611
0198715037111
0198715709056
0198715773637
0198926007453
0199284700536
0200007353028
0200030016600
0200030071050
0200030141937
0200100428562
02002163
0200304014608
0200932498955
0201014015091
0201024576414
0202000750736
02020601
0202122630480
0202258722431
0204400712000
0204605375451
0205581101706
0206023331422
0207000890000
0207146744762
0210002122161
0210505003561
0210663010173
0211005690169
0211044344602
0211146384248
02118305
0213162346408
02138424
0214046207013
0214406345577
0214914610204
02157915
02163383
02181727
02182056
02186397
02191461
02195322
0220043664070
0220344208702
02210245
0221150225512
0221187023242
0221224009741
0221463796846
0221911772170
02221713
0222282223438
0222288111111
0223008952274
02235549
0224003209318
0224356348368
0224506594065
0224507225111
02250489
02253855
0225469702078
0226190743064
0228101795124
0230408738995
0230741610378
0230935674063
02311777
0231951371844
02337876
0234300001027
02343501
02388247
02395692
0241293005697
0241944072856
02419787
0244090265332
0244120420793
0244744619726
0245063060053
0245066600287
0245071072130
02459776
0246500448571
0246511063060
02472429
02481587
0250022593770
02500793
0250107630426
0250391375103
0251541346083
02544147
0254511667522
0255064000767
0255411781677
0256717972479
02567220
02580777
02593531
0260010007844
02600490
0260167184289
0261197123242
02621936
02624236
02634803
0264454828614
0265540009429
0268325008211
0270510208825
02712642
0272653986134
0273818502500
0274454064721
02754861
02757111
0278121523603
0279506032895
0279506782356
0280120149074
0280120360974
0280505045007
0280520074785
0280540074710
0280540206500
0280625612937
0280764242317
0281371174614
0281867090155
0282450541214
02827056
02837742
0284016180715
0284401092066
0284699688620
02852084
02882777
0288440448310
0288641151897
02886925
0289100028873
0289512393507
0289550098938
0289841361833
0290036999922
0291122703683
0291960003515
0292402026355
0292606567128
02944805
0295469651058
0295469700596
0295469700800
0295469705201
0298218030579
0299040042372
03000328
03000571
03000632
0300318794401
0300410825737
0300410825850
0300450488909
0300450895073
0300650361576
0300650509350
0300651361964
0300651509069
0300653610183
0300671220760
0300677919125
0300747046614
0301013622013
0301162001165
0301260074924
03016230
0301871371122
0301871373164
0301871373324
0301872479087
0301872481301
0301872484029
0301875507121
0301950698508
0302190304167
0302190304808
03025871
03028359
0302990110258
0302990110265
0302990111415
0302990113204
0302990116045
0302990210217
0302990220506
0302990230208
0302990241303
0302990241343
0302990241389
0302990241433
0302993889083
0302993889182
0302993914167
0302993914280
0302993914303
0302993917465
0302993917533
0302993917564
0302993917595
0302993918080
0302993918165
0302993918806
0302993921165
0302993921288
0302993921820
0302993923572
0302993927082
0302993927167
0302993927341
0302993927402
0302993936077
0302993936183
0302993940111
0302994111008
0302994113002
0302994114009
0302994140053
0302994910151
0303160227066
0303160228032
0303160228551
0303160229756
0303160230806
0303160246906
0303160296055
0303162012059
0303162013148
0303162045453
0303162046405
0303162046450
0303162062405
0303232171266
0303420099303
03038948
0304105035914
03041666
0305007007024
0305210033047
0305210033054
0305210041837
0305210042230
0305210042247
0305210043008
0305210043756
0305210044005
0305210045699
0305210047778
0305210071148
0305210130159
0305210134416
0305210134423
0305210142558
0305210143012
0305210147478
0305210158863
0305210180093
0305210238596
0305210268494
0305210464728
0305210536494
0305210536647
0305210691001
0305212326000
0305212352009
0305212750003
0305213079004
0305213087009
0305213091006
0305213093000
0305215007005
0305215649007
0305219051004
0305730149662
0305730150200
0305730150408
0305730151122
0305730154895
0305730154987
0305730169202
0305730169400
0305730169493
0305730554206
0305730705516
0305730795517
0305731769135
0305742225453
0306962961244
0306969315040
0307660739234
0307660746508
0307660746553
0307660801009
0307667250350
0308691156106
0309045983485
0309047591602
0309047751273
0309574121068
0309970038885
0309970038939
0309970093648
0309970096779
0309970107925
0309970121075
0309970121082
0309970156497
0309970177829
0309970500061
0309971113062
0309971185861
0309971185915
0309971335051
0309971370182
0309971370267
0309971370281
0309971370564
0309971879203
0309972259011
0309974139038
0309974215565
0309974677011
0309974677073
0309974700016
0309975122022
0309975122060
0309975122091
0309975122114
0309975122251
0309975122299
0309975410068
0309975415018
0309975424027
0309975987553
0309976182018
0309976414508
0309976623818
0309977755006
0309977809013
0309978161042
0309978695103
0309978695301
0309978695325
0309978695417
0309978695431
0309978695516
0309978695554
0309978992059
0310002674506
0310070095968
0310158081111
0310158084099
0310158084303
0310158359449
0310158830573
0310158850007
0310158887188
0310158887591
0310158887607
0310158887645
0310158888819
0310310324605
0310310430184
03111903
03113271
0311673392027
0311701005059
0311845147578
0311845345387
0311917045627
0311917151830
0311917170060
0311917178196
0311917200354
0312346398384
0312444374365
03125009
0312546623804
0312546633391
0312547150705
0312547235976
0312547306355
0312547306713
0312547306959
0312547422598
0312547422666
0312547427203
0312547427357
0312547427555
0312547427951
0312547428200
0312547428255
0312547428330
0312547701280
0312547701525
0312630014341
03133149
0313340628743
0313401442424
0313434649494
03136690
03145159
0314801001112
03149978
0315003603340
0315841073213
0315999504836
0316864000224
0316864000231
0318964934515
0320001993096
03205372
0320584793342
03207840
0321130763611
0321130780465
0321922063301
0322472264040
03228520
0323264682080
03233153
0323900014275
0323900015319
0323900041622
0324147043493
